174
166
161
172
166
169
168
167
178
168
175
165
172
173
163
173
164
168
164
164
170
180
176
173
168
161
164
165
180
165
164
175
178
171
174
167
169
168
169
173
172
164
170
173
166
156
166
156
169
165
168
172
177
170
163
169
173
178
171
161
164
170
170
167
168
166
176
170
167
168
178
172
171
167
170
170
167
171
168
164
180
172
165
152
161
163
157
163
168
170
165
172
170
154
168
167
156
170
176
164





y
70
57
55
60
57
62
70
65
80
68
64
55
78
65
67
71
68
68
60
60
63
73
81
74
66
55
62
61
77
65
66
66
57
65
79
71
59
69
68
73
66
60
74
74
55
55
55
54
55
55
64
70
70
74
55
66
70
62
71
51
70
68
77
71
71
62
63
69
67
59
80
73
65
52
61
63
57
63
72
60
72
73
65
52
61
63
57
63
58
69
65
70
54
70
57
70
54
70
70
57

